
# イメージカラーごとのHue範囲（HSL色相角度・度単位）
# achromaticは無彩色（灰色〜白黒）で、彩度Sが低い場合に該当
background_image_color_to_hue_range = {
    "現代の都市街並み（昼（デフォルト））": (180, 240),     # 空〜ガラス〜シャドウまで含む青緑〜青紫
    "下町商店街（昼（デフォルト））": (20, 70),             # 看板の赤橙〜黄、木材、レンガなども含む
    "近未来都市（昼（デフォルト））": (180, 230),           # シアン〜クールブルー、少しグレイッシュ
    "廃墟となった都市（昼（デフォルト））": (15, 50),        # サビ・鉄・土・レンガ、赤橙〜茶系
    "田園風景とあぜ道（昼（デフォルト））": (70, 160),       # 草の緑〜空の水色、明るく広がる自然
    "山奥の神社と鳥居（昼（デフォルト））": (0, 40),         # 鳥居の朱、苔の緑、木陰の茶、全体に赤橙寄り
    "海辺と夕焼けの防波堤（昼（デフォルト））": (180, 300), # 海と空の青〜夕焼けの赤紫、グラデが美しい
    "桜舞う並木道（春）（昼（デフォルト））": (320, 20),    # ピンクの桜と茶の幹、赤紫〜赤〜黄橙（ループ超え）
    "学校の教室／屋上（昼（デフォルト））": (25, 55),       # 木製机やベージュ、緑黒板なども含む
    "住宅街の路地裏（昼（デフォルト））": (20, 60),          # 電柱、壁、アスファルト、グレー寄りの橙系
    "駅前ロータリーとバス停（昼（デフォルト））": (190, 250), # 空、ガラス、金属、青〜青紫まで含む
    "夢の中の空間（昼（デフォルト））": (240, 320),         # パステル青紫〜ピンク系、幻想系の彩色
    "異世界の神殿・遺跡（昼（デフォルト））": (30, 70)      # 砂岩の黄〜金、苔の緑も少し含む
}

/// 距離ベース最大８点の場合


background_image_color_to_dither_palette_Sorted_by_L = {
    "現代の都市街並み（昼（デフォルト））": [[0.66, 0.83, 1.0], [0.63, 0.78, 0.85], [0.37, 0.54, 0.73], [0.29, 0.89, 1.0], [0.21, 0.35, 0.41], [0.09, 0.29, 0.48], [0.0, 0.58, 0.69], [0.0, 0.32, 0.43]],
    "下町商店街（昼（デフォルト））": [[1.0, 0.79, 0.61], [0.92, 0.83, 0.71], [0.85, 0.79, 0.54], [0.74, 0.51, 0.33], [0.61, 0.54, 0.44], [0.5, 0.46, 0.22], [0.43, 0.25, 0.08], [0.31, 0.26, 0.13]],
    "近未来都市（昼（デフォルト））": [[0.67, 0.86, 1.0], [0.62, 0.78, 0.84], [0.38, 0.58, 0.76], [0.27, 0.89, 1.0], [0.2, 0.36, 0.41], [0.0, 0.58, 0.7], [0.0, 0.32, 0.43], [0.0, 0.3, 0.49]],
    "廃墟となった都市（昼（デフォルト））": [[1.0, 0.75, 0.59], [0.98, 0.84, 0.73], [0.9, 0.75, 0.52], [0.74, 0.45, 0.29], [0.7, 0.59, 0.49], [0.56, 0.45, 0.25], [0.4, 0.22, 0.06], [0.37, 0.29, 0.2]],
    "田園風景とあぜ道（昼（デフォルト））": [[0.74, 0.87, 0.76], [0.71, 0.92, 0.65], [0.53, 0.69, 0.4], [0.48, 0.58, 0.47], [0.42, 0.7, 0.53], [0.28, 0.47, 0.22], [0.23, 0.32, 0.23], [0.07, 0.28, 0.07]],
    "山奥の神社と鳥居（昼（デフォルト））": [[1.0, 0.73, 0.62], [0.96, 0.81, 0.74], [0.91, 0.7, 0.5], [0.78, 0.44, 0.34], [0.68, 0.54, 0.47], [0.58, 0.4, 0.23], [0.46, 0.19, 0.08], [0.38, 0.26, 0.19]],
    "海辺と夕焼けの防波堤（昼（デフォルト））": [[0.87, 0.72, 1.0], [0.73, 0.83, 0.97], [0.5, 0.54, 0.71], [0.4, 0.28, 0.53], [0.34, 0.89, 1.0], [0.18, 0.3, 0.41], [0.0, 0.6, 0.71], [0.0, 0.34, 0.45]],
    "桜舞う並木道（春）（昼（デフォルト））": [[1.0, 0.72, 0.68], [0.95, 0.77, 0.79], [0.89, 0.58, 0.69], [0.82, 0.47, 0.39], [0.64, 0.47, 0.48], [0.52, 0.24, 0.34], [0.5, 0.2, 0.14], [0.37, 0.23, 0.24]],
    "学校の教室／屋上（昼（デフォルト））": [[1.0, 0.82, 0.63], [0.95, 0.84, 0.6], [0.91, 0.83, 0.72], [0.76, 0.62, 0.4], [0.62, 0.55, 0.44], [0.55, 0.42, 0.22], [0.35, 0.23, 0.03], [0.34, 0.28, 0.18]],
    "住宅街の路地裏（昼（デフォルト））": [[1.0, 0.78, 0.6], [0.93, 0.83, 0.72], [0.87, 0.77, 0.53], [0.69, 0.46, 0.28], [0.64, 0.56, 0.46], [0.54, 0.47, 0.25], [0.38, 0.23, 0.04], [0.34, 0.28, 0.18]],
    "駅前ロータリーとバス停（昼（デフォルト））": [[0.7, 0.83, 1.0], [0.65, 0.8, 0.9], [0.47, 0.56, 0.79], [0.37, 0.5, 0.59], [0.16, 0.29, 0.5], [0.11, 0.28, 0.37], [0.0, 0.66, 0.84], [0.0, 0.35, 0.5]],
    "夢の中の空間（昼（デフォルト））": [[1.0, 0.79, 0.99], [0.94, 0.78, 1.0], [0.88, 0.8, 0.94], [0.75, 0.57, 0.84], [0.61, 0.53, 0.66], [0.55, 0.38, 0.63], [0.35, 0.19, 0.43], [0.35, 0.27, 0.38]],
    "異世界の神殿・遺跡（昼（デフォルト））": [[1.0, 0.85, 0.64], [0.89, 0.85, 0.59], [0.88, 0.84, 0.7], [0.73, 0.64, 0.4], [0.6, 0.56, 0.44], [0.51, 0.43, 0.21], [0.32, 0.29, 0.19], [0.32, 0.25, 0.03]]
}

// Hue範囲分析

背景テーマ	Hue範囲（最小〜最大）
現代の都市街並み	189.3° ～ 211.7°（青系）
下町商店街	26.3° ～ 51.4°（橙〜黄）
近未来都市	189.0° ～ 208.4°（青系）
廃墟となった都市	21.3° ～ 38.7°（赤橙〜茶）
田園風景とあぜ道	93.1° ～ 143.6°（緑〜青緑）
山奥の神社と鳥居	13.6° ～ 29.3°（朱〜赤橙）
海辺と夕焼けの防波堤	189.3° ～ 272.1°（青〜紫）
桜舞う並木道（春）	7.5° ～ 356.5°（赤紫〜赤）※360°またぎ
学校の教室／屋上	30.8° ～ 41.1°（黄橙）
住宅街の路地裏	26.3° ～ 45.5°（橙系）
駅前ロータリーとバス停	192.9° ～ 223.1°（水色〜青）
夢の中の空間	274.3° ～ 302.9°（青紫〜ピンク）
異世界の神殿・遺跡	35.0° ～ 52.0°（橙黄）


/// 距離ベース最大１６点の場合

background_image_color_to_dither_palette_Sorted_by_L = {
  "現代の都市街並み（昼（デフォルト））": [
    [
      0.0,
      0.31,
      0.47
    ],
    [
      0.0,
      0.32,
      0.46
    ],
    [
      0.0,
      0.34,
      0.39
    ],
    [
      0.0,
      0.51,
      0.66
    ],
    [
      0.0,
      0.73,
      0.88
    ],
    [
      0.02,
      0.61,
      0.66
    ],
    [
      0.15,
      0.27,
      0.33
    ],
    [
      0.18,
      0.27,
      0.48
    ],
    [
      0.3,
      0.93,
      1.0
    ],
    [
      0.32,
      0.69,
      0.88
    ],
    [
      0.32,
      0.46,
      0.53
    ],
    [
      0.39,
      0.52,
      0.74
    ],
    [
      0.47,
      0.91,
      0.96
    ],
    [
      0.54,
      0.66,
      0.74
    ],
    [
      0.7,
      0.83,
      1.0
    ],
    [
      0.75,
      0.88,
      0.97
    ]
  ],
  "下町商店街（昼（デフォルト））": [
    [
      0.28,
      0.22,
      0.12
    ],
    [
      0.29,
      0.26,
      0.03
    ],
    [
      0.37,
      0.2,
      0.02
    ],
    [
      0.39,
      0.34,
      0.25
    ],
    [
      0.48,
      0.46,
      0.21
    ],
    [
      0.51,
      0.38,
      0.21
    ],
    [
      0.58,
      0.52,
      0.42
    ],
    [
      0.59,
      0.34,
      0.16
    ],
    [
      0.68,
      0.65,
      0.4
    ],
    [
      0.75,
      0.53,
      0.34
    ],
    [
      0.77,
      0.7,
      0.58
    ],
    [
      0.91,
      0.86,
      0.61
    ],
    [
      0.92,
      0.69,
      0.49
    ],
    [
      0.94,
      0.87,
      0.76
    ],
    [
      1.0,
      0.79,
      0.62
    ],
    [
      1.0,
      0.85,
      0.67
    ]
  ],
  "近未来都市（昼（デフォルト））": [
    [
      0.0,
      0.3,
      0.44
    ],
    [
      0.0,
      0.34,
      0.5
    ],
    [
      0.0,
      0.35,
      0.39
    ],
    [
      0.0,
      0.52,
      0.66
    ],
    [
      0.0,
      0.63,
      0.68
    ],
    [
      0.0,
      0.69,
      0.87
    ],
    [
      0.0,
      0.91,
      1.0
    ],
    [
      0.11,
      0.28,
      0.48
    ],
    [
      0.12,
      0.27,
      0.33
    ],
    [
      0.3,
      0.46,
      0.53
    ],
    [
      0.34,
      0.53,
      0.75
    ],
    [
      0.42,
      0.9,
      0.96
    ],
    [
      0.52,
      0.89,
      1.0
    ],
    [
      0.52,
      0.67,
      0.75
    ],
    [
      0.68,
      0.81,
      1.0
    ],
    [
      0.74,
      0.88,
      0.96
    ]
  ],
  "廃墟となった都市（昼（デフォルト））": [
    [
      0.31,
      0.22,
      0.15
    ],
    [
      0.32,
      0.22,
      0.01
    ],
    [
      0.44,
      0.21,
      0.07
    ],
    [
      0.46,
      0.37,
      0.28
    ],
    [
      0.5,
      0.39,
      0.18
    ],
    [
      0.61,
      0.53,
      0.44
    ],
    [
      0.69,
      0.38,
      0.22
    ],
    [
      0.69,
      0.47,
      0.34
    ],
    [
      0.7,
      0.58,
      0.36
    ],
    [
      0.79,
      0.69,
      0.59
    ],
    [
      0.9,
      0.66,
      0.49
    ],
    [
      0.95,
      0.58,
      0.42
    ],
    [
      0.96,
      0.86,
      0.76
    ],
    [
      0.97,
      0.83,
      0.59
    ],
    [
      1.0,
      0.79,
      0.63
    ],
    [
      1.0,
      0.83,
      0.71
    ]
  ],
  "田園風景とあぜ道（昼（デフォルト））": [
    [
      0.0,
      0.3,
      0.15
    ],
    [
      0.05,
      0.3,
      0.01
    ],
    [
      0.17,
      0.26,
      0.03
    ],
    [
      0.2,
      0.28,
      0.2
    ],
    [
      0.23,
      0.5,
      0.33
    ],
    [
      0.28,
      0.52,
      0.22
    ],
    [
      0.31,
      0.41,
      0.19
    ],
    [
      0.38,
      0.47,
      0.38
    ],
    [
      0.42,
      0.7,
      0.53
    ],
    [
      0.5,
      0.6,
      0.36
    ],
    [
      0.54,
      0.75,
      0.44
    ],
    [
      0.57,
      0.67,
      0.58
    ],
    [
      0.63,
      0.92,
      0.74
    ],
    [
      0.73,
      0.94,
      0.62
    ],
    [
      0.75,
      0.86,
      0.64
    ],
    [
      0.79,
      0.88,
      0.8
    ]
  ],
  "山奥の神社と鳥居（昼（デフォルト））": [
    [
      0.33,
      0.24,
      0.18
    ],
    [
      0.38,
      0.22,
      0.04
    ],
    [
      0.41,
      0.2,
      0.14
    ],
    [
      0.49,
      0.17,
      0.08
    ],
    [
      0.53,
      0.42,
      0.36
    ],
    [
      0.58,
      0.39,
      0.21
    ],
    [
      0.64,
      0.36,
      0.31
    ],
    [
      0.74,
      0.62,
      0.56
    ],
    [
      0.76,
      0.58,
      0.39
    ],
    [
      0.76,
      0.41,
      0.28
    ],
    [
      0.87,
      0.56,
      0.5
    ],
    [
      0.97,
      0.83,
      0.77
    ],
    [
      0.97,
      0.78,
      0.58
    ],
    [
      1.0,
      0.62,
      0.48
    ],
    [
      1.0,
      0.77,
      0.72
    ],
    [
      1.0,
      0.79,
      0.64
    ]
  ],
  "海辺と夕焼けの防波堤（昼（デフォルト））": [
    [
      0.0,
      0.32,
      0.5
    ],
    [
      0.0,
      0.35,
      0.4
    ],
    [
      0.0,
      0.36,
      0.51
    ],
    [
      0.0,
      0.62,
      0.72
    ],
    [
      0.18,
      0.9,
      1.0
    ],
    [
      0.2,
      0.28,
      0.34
    ],
    [
      0.24,
      0.59,
      0.79
    ],
    [
      0.28,
      0.27,
      0.45
    ],
    [
      0.4,
      0.25,
      0.52
    ],
    [
      0.42,
      0.53,
      0.59
    ],
    [
      0.54,
      0.53,
      0.73
    ],
    [
      0.55,
      0.85,
      0.91
    ],
    [
      0.65,
      0.84,
      1.0
    ],
    [
      0.71,
      0.53,
      0.83
    ],
    [
      0.79,
      0.8,
      0.91
    ],
    [
      0.95,
      0.79,
      1.0
    ]
  ],
  "桜舞う並木道（春）（昼（デフォルト））": [
    [
      0.34,
      0.23,
      0.24
    ],
    [
      0.42,
      0.16,
      0.27
    ],
    [
      0.42,
      0.17,
      0.15
    ],
    [
      0.48,
      0.15,
      0.07
    ],
    [
      0.55,
      0.41,
      0.41
    ],
    [
      0.58,
      0.27,
      0.31
    ],
    [
      0.66,
      0.38,
      0.51
    ],
    [
      0.68,
      0.35,
      0.27
    ],
    [
      0.75,
      0.61,
      0.63
    ],
    [
      0.81,
      0.48,
      0.51
    ],
    [
      0.83,
      0.59,
      0.53
    ],
    [
      0.91,
      0.61,
      0.74
    ],
    [
      0.93,
      0.54,
      0.43
    ],
    [
      0.98,
      0.81,
      0.83
    ],
    [
      1.0,
      0.74,
      0.68
    ],
    [
      1.0,
      0.75,
      0.82
    ]
  ],
  "学校の教室／屋上（昼（デフォルト））": [
    [
      0.31,
      0.25,
      0.15
    ],
    [
      0.31,
      0.24,
      0.03
    ],
    [
      0.37,
      0.2,
      0.02
    ],
    [
      0.48,
      0.42,
      0.32
    ],
    [
      0.51,
      0.44,
      0.21
    ],
    [
      0.51,
      0.34,
      0.16
    ],
    [
      0.65,
      0.56,
      0.43
    ],
    [
      0.7,
      0.5,
      0.3
    ],
    [
      0.71,
      0.63,
      0.38
    ],
    [
      0.76,
      0.7,
      0.61
    ],
    [
      0.84,
      0.74,
      0.55
    ],
    [
      0.88,
      0.67,
      0.46
    ],
    [
      0.96,
      0.88,
      0.77
    ],
    [
      0.97,
      0.87,
      0.62
    ],
    [
      1.0,
      0.82,
      0.64
    ],
    [
      1.0,
      0.84,
      0.65
    ]
  ],
  "住宅街の路地裏（昼（デフォルト））": [
    [
      0.29,
      0.24,
      0.02
    ],
    [
      0.31,
      0.25,
      0.16
    ],
    [
      0.38,
      0.2,
      0.02
    ],
    [
      0.44,
      0.38,
      0.17
    ],
    [
      0.5,
      0.43,
      0.34
    ],
    [
      0.54,
      0.33,
      0.16
    ],
    [
      0.6,
      0.54,
      0.3
    ],
    [
      0.69,
      0.52,
      0.36
    ],
    [
      0.71,
      0.64,
      0.54
    ],
    [
      0.74,
      0.47,
      0.28
    ],
    [
      0.78,
      0.71,
      0.47
    ],
    [
      0.91,
      0.67,
      0.48
    ],
    [
      0.93,
      0.85,
      0.74
    ],
    [
      0.96,
      0.87,
      0.62
    ],
    [
      1.0,
      0.78,
      0.62
    ],
    [
      1.0,
      0.84,
      0.67
    ]
  ],
  "駅前ロータリーとバス停（昼（デフォルト））": [
    [
      0.0,
      0.29,
      0.42
    ],
    [
      0.0,
      0.3,
      0.43
    ],
    [
      0.0,
      0.32,
      0.52
    ],
    [
      0.0,
      0.47,
      0.62
    ],
    [
      0.0,
      0.68,
      0.86
    ],
    [
      0.16,
      0.25,
      0.33
    ],
    [
      0.17,
      0.54,
      0.72
    ],
    [
      0.18,
      0.24,
      0.45
    ],
    [
      0.32,
      0.41,
      0.5
    ],
    [
      0.38,
      0.44,
      0.67
    ],
    [
      0.45,
      0.78,
      0.99
    ],
    [
      0.47,
      0.81,
      0.92
    ],
    [
      0.52,
      0.61,
      0.7
    ],
    [
      0.57,
      0.63,
      0.87
    ],
    [
      0.76,
      0.84,
      0.94
    ],
    [
      0.76,
      0.85,
      1.0
    ]
  ],
  "夢の中の空間（昼（デフォルト））": [
    [
      0.29,
      0.19,
      0.35
    ],
    [
      0.32,
      0.17,
      0.45
    ],
    [
      0.33,
      0.28,
      0.35
    ],
    [
      0.43,
      0.19,
      0.41
    ],
    [
      0.45,
      0.36,
      0.53
    ],
    [
      0.47,
      0.34,
      0.63
    ],
    [
      0.58,
      0.51,
      0.62
    ],
    [
      0.63,
      0.4,
      0.62
    ],
    [
      0.66,
      0.58,
      0.85
    ],
    [
      0.71,
      0.5,
      0.83
    ],
    [
      0.76,
      0.68,
      0.8
    ],
    [
      0.85,
      0.61,
      0.84
    ],
    [
      0.9,
      0.81,
      1.0
    ],
    [
      0.93,
      0.86,
      0.98
    ],
    [
      0.97,
      0.75,
      1.0
    ],
    [
      1.0,
      0.81,
      1.0
    ]
  ],
  "異世界の神殿・遺跡（昼（デフォルト））": [
    [
      0.25,
      0.22,
      0.12
    ],
    [
      0.26,
      0.25,
      0.01
    ],
    [
      0.33,
      0.22,
      0.01
    ],
    [
      0.37,
      0.33,
      0.24
    ],
    [
      0.4,
      0.39,
      0.15
    ],
    [
      0.48,
      0.42,
      0.26
    ],
    [
      0.49,
      0.36,
      0.15
    ],
    [
      0.57,
      0.55,
      0.31
    ],
    [
      0.57,
      0.53,
      0.43
    ],
    [
      0.69,
      0.54,
      0.32
    ],
    [
      0.73,
      0.71,
      0.46
    ],
    [
      0.74,
      0.7,
      0.58
    ],
    [
      0.88,
      0.73,
      0.5
    ],
    [
      0.93,
      0.89,
      0.62
    ],
    [
      0.94,
      0.88,
      0.75
    ],
    [
      1.0,
      0.86,
      0.65
    ]
  ]
}


