# イメージカラーごとのHue範囲（HSL色相角度・度単位）
# 用途：与えられた色名（日本語）に対して、HSL色空間でのHueの範囲を対応付ける。
# achromaticは無彩色を意味し、S（彩度）によるフィルタで抽出する。
image_color_to_hue_range = {
    "赤": (350, 10),
    "ピンク": (320, 350),
    "青": (200, 240),
    "黄": (50, 65),
    "緑": (100, 140),
    "紫": (270, 300),
    "金": (40, 55),
    "茶": (20, 30),
    "水色": (180, 200),
    "紺": (220, 240),
    "オレンジ": (20, 40),
    "虹": (0, 360),
    "肌色": (15, 35), # 肌の色調（薄橙〜ピンクベージュ寄り）
    "白": "achromatic",
    "銀": "achromatic",
    "灰": "achromatic",
    "黒": "achromatic"
}

# Lab空間を3×4×4に分割し、各ボクセルから代表色を抽出（RGB形式）
# ディザリングやカラーサンプルに使用可能な視認性の高い色群
image_color_to_dither_palette_Sorted_by_L = {
  "赤": [[0.356, 0.193, 0.195], [0.57, 0.361, 0.365], [0.71, 0.256, 0.199], [0.819, 0.621, 0.622], [0.867, 0.3, 0.219], [0.537, 0.161, 0.141]],
  "ピンク": [[0.301, 0.195, 0.22], [0.307, 0.207, 0.25], [0.57, 0.357, 0.406], [0.507, 0.326, 0.396], [0.809, 0.595, 0.643], [0.724, 0.342, 0.48], [0.82, 0.621, 0.707], [0.72, 0.27, 0.421]],
  "青": [[0.154, 0.204, 0.339], [0.385, 0.468, 0.56], [0.286, 0.355, 0.502], [0.168, 0.231, 0.277], [0.578, 0.723, 0.826], [0.563, 0.68, 0.874], [0.135, 0.16, 0.469], [0.167, 0.172, 0.658], [0.207, 0.424, 0.791], [0.29, 0.325, 0.878], [0.559, 0.658, 0.954], [0.218, 0.589, 0.874], [0.259, 0.674, 0.934]],
  "黄": [[0.813, 0.791, 0.568], [0.95, 0.906, 0.555], [0.465, 0.456, 0.337], [0.555, 0.513, 0.192]],
  "緑": [[0.36, 0.46, 0.351], [0.173, 0.224, 0.184], [0.573, 0.675, 0.522]],
  "紫": [[0.23, 0.182, 0.249], [0.389, 0.298, 0.395], [0.729, 0.438, 0.976], [0.859, 0.545, 0.969], [0.784, 0.576, 0.965], [0.919, 0.655, 0.951]],
  "金": [[0.814, 0.76, 0.553], [0.936, 0.844, 0.506], [0.891, 0.741, 0.415], [0.571, 0.5, 0.334], [0.537, 0.499, 0.358], [0.642, 0.58, 0.256], [0.308, 0.29, 0.235], [0.858, 0.751, 0.512]],
  "茶": [[0.598, 0.482, 0.403], [0.874, 0.524, 0.276], [0.792, 0.659, 0.562], [0.936, 0.582, 0.314], [0.266, 0.226, 0.196], [0.942, 0.472, 0.198]],
  "水色": [[0.376, 0.535, 0.576], [0.565, 0.725, 0.77], [0.161, 0.219, 0.235], [0.186, 0.704, 0.955]],
  "紺": [[0.157, 0.197, 0.343], [0.29, 0.343, 0.494], [0.666, 0.694, 0.87], [0.123, 0.153, 0.464], [0.167, 0.172, 0.658], [0.153, 0.339, 0.756], [0.29, 0.325, 0.878], [0.596, 0.649, 0.961]],
  "オレンジ": [[0.601, 0.496, 0.403], [0.821, 0.693, 0.535], [0.872, 0.528, 0.279], [0.918, 0.652, 0.354], [0.268, 0.227, 0.197], [0.942, 0.472, 0.198]],
  "虹": [[0.799, 0.757, 0.539], [0.587, 0.43, 0.392], [0.354, 0.2, 0.203], [0.226, 0.202, 0.29], [0.397, 0.486, 0.561], [0.369, 0.344, 0.445], [0.232, 0.279, 0.249], [0.837, 0.69, 0.614], [0.87, 0.518, 0.276], [0.889, 0.383, 0.225], [0.728, 0.275, 0.241], [0.443, 0.461, 0.341], [0.891, 0.685, 0.372], [0.936, 0.844, 0.506], [0.168, 0.226, 0.251], [0.567, 0.725, 0.779], [0.772, 0.647, 0.862], [0.642, 0.58, 0.256], [0.724, 0.342, 0.48], [0.121, 0.152, 0.468], [0.23, 0.422, 0.793], [0.215, 0.179, 0.705], [0.455, 0.337, 0.943], [0.593, 0.647, 0.958], [0.859, 0.545, 0.969], [0.218, 0.589, 0.874], [0.224, 0.69, 0.944], [0.537, 0.161, 0.141]],
  "肌色": [[0.964, 0.824, 0.725], [0.913, 0.715, 0.596], [0.831, 0.637, 0.525], [0.741, 0.524, 0.431], [0.645, 0.441, 0.349], [0.538, 0.354, 0.281]] ,
  "白": [[0.95, 0.95, 0.95], [0.98, 0.98, 0.98], [1.0, 1.0, 1.0]],
  "銀": [[0.75, 0.75, 0.75], [0.7, 0.7, 0.7], [0.65, 0.65, 0.65]],
  "灰": [[0.55, 0.55, 0.55], [0.5, 0.5, 0.5], [0.45, 0.45, 0.45]],
  "黒": [[0.1, 0.1, 0.1], [0.05, 0.05, 0.05], [0.0, 0.0, 0.0]]
}


